$ 1 0.000005 11.086722712598126 50 5 43 5e-11
c 0 128 80 128 0 0.000009999999999999999 -3.9688136442925037 0.001
v -80 192 -80 128 0 1 400 1.7 0 0 0.5
w 0 128 -80 128 0
g -80 192 -80 256 0 0
r 336 144 336 224 0 1000
p -80 128 -80 -16 3 0 0
p 336 144 384 80 3 0 0
R 80 64 32 -192 0 0 40 9 0 0 0.5
g 336 224 336 272 0 0
c 240 144 336 144 0 0.00001 1.2467098939574945 0.001
w 144 128 144 32 0
r 144 128 80 128 0 1000
w 240 144 240 32 0
r 240 32 144 32 0 1000
w 272 -128 128 -176 0
r 80 208 80 128 0 1000
g 144 160 144 256 0 0
r 80 64 80 128 0 1000
g 80 208 80 272 0 0
a 352 0 448 0 8 15 -15 1000000 0 0 100000
409 144 144 240 144 1 0.6 -0.3880510244087043 0.023100000000000002 0
w 192 112 80 64 0
w 192 176 80 208 0
g 384 80 416 112 0 0
g -80 -16 -112 -16 0 0
o 5 64 0 4098 5 0.1 0 1
o 6 64 0 4098 0.3125 0.1 1 1
